0 5
1 5
2 5
3 5
4 4
5 4
6 4
7 4
8 4
9 4
10 5
11 5
12 5
13 5
14 6
15 6
16 6
17 6
18 6
19 6
20 6
21 6
22 6
23 6
24 6
25 6
26 6
27 6
28 6
29 6
30 6
31 6
32 6
33 6
34 6
35 6
36 6
37 6
38 6
39 6
40 7
41 7
42 7
43 7
44 7
45 7
46 7
47 7
48 7
49 7
50 7
51 7
52 7
53 6
54 6
55 6
56 6
57 6
58 8
59 8
60 10
61 12
62 12
63 15
64 19
65 20
66 19
67 20
68 30
69 33
70 36
71 46
72 54
73 59
74 69
75 95
76 139
77 188
78 218
79 224
80 223
81 225
82 230
83 228
84 224
85 227
86 230
87 230
88 186
89 135
90 95
91 78
92 79
93 79
94 77
95 74
96 69
97 62
98 55
99 52
100 47
101 47
102 44
103 42
104 41
105 40
106 37
107 35
108 33
109 30
110 28
111 24
112 20
113 17
114 14
115 13
116 10
117 10
118 10
119 10
120 10
121 10
122 10
123 10
124 10
125 10
126 10
127 10
128 11
129 11
130 11
131 11
132 11
133 11
134 10
135 10
136 10
137 9
138 9
139 9
140 9
141 10
142 10
143 10
144 10
145 10
146 10
147 10
148 10
149 10
150 9
151 9
152 9
153 9
154 9
155 9
156 7
157 7
158 6
159 6
160 6
161 6
162 6
163 6
164 5
165 5
166 5
167 5
168 5
169 5
170 5
171 5
172 5
173 5
174 5
175 5
176 5
177 5
178 5
179 5
180 5
181 5
182 5
183 5
184 5
185 5
186 5
187 5
188 5
189 5
190 4
191 4
192 4
193 4
194 3
195 3
196 3
197 3
198 3
199 3
200 3
201 3
202 3
203 3
204 3
205 3
206 3
207 3
208 3
209 3
210 3
211 3
212 3
213 3
214 3
215 3
216 3
217 3
218 3
219 3
220 3
221 3
222 3
223 3
224 3
225 3
226 3
227 3
228 3
229 3
230 3
231 3
232 3
233 3
234 3
235 3
236 3
237 3
238 3
239 3
240 3
241 3
242 3
243 3
244 3
245 3
246 3
247 3
248 3
249 3
250 3
251 3
252 3
253 3
254 3
255 3
256 3
257 3
258 3
259 3
260 3
261 3
262 3
263 3
264 3
265 3
266 3
267 3
268 3
269 3
270 3
271 3
272 3
273 3
274 3
275 3
276 2
277 2
278 2
279 2
280 2
281 2
282 2
283 2
284 2
285 2
286 2
287 2
288 2
289 2
290 2
291 2
292 2
293 2
294 2
295 2
296 2
297 2
298 2
299 2
300 2
301 2
302 2
303 2
304 2
305 2
306 2
307 2
308 2
309 2
310 2
311 2
312 2
313 2
314 2
315 2
316 2
317 2
318 2
319 2
320 2
321 2
322 2
323 2
324 2
325 2
326 2
327 2
328 2
329 2
330 2
331 2
332 2
333 2
334 2
335 2
336 2
337 2
338 2
339 2
340 2
341 2
342 2
343 2
344 2
345 2
346 2
347 2
348 2
349 2
350 2
351 2
352 2
353 2
354 2
355 2
356 2
357 2
358 2
359 2
360 2
361 2
362 2
363 2
364 2
365 2
366 2
367 2
368 2
369 2
370 2
371 2
372 2
373 2
374 2
375 2
376 2
377 2
378 2
379 2
380 2
381 2
382 2
383 2
384 2
385 2
386 2
387 2
388 2
389 2
390 2
391 2
392 2
393 2
394 2
395 2
396 2
397 2
398 2
399 2
400 2
401 2
402 2
403 2
404 2
405 2
406 2
407 2
408 2
409 2
410 2
411 2
412 2
413 2
414 2
415 2
416 2
417 2
418 2
419 2
420 2
421 2
422 2
423 2
424 2
425 2
426 2
427 2
428 2
429 2
430 2
431 2
432 2
433 2
434 2
435 2
436 2
437 2
438 2
439 2
440 2
441 2
442 2
443 2
444 2
445 2
446 2
447 2
448 2
449 2
450 2
451 2
452 2
453 2
454 2
455 2
456 2
457 2
458 2
459 2
460 2
461 2
462 2
463 2
464 2
465 2
466 2
467 2
468 2
469 2
470 2
471 2
472 2
473 2
474 2
475 2
476 2
477 2
478 2
479 2
480 2
481 2
482 2
483 2
484 2
485 2
486 2
487 2
488 2
489 2
490 2
491 2
492 2
493 2
494 2
495 2
496 2
497 2
498 2
499 2
500 2
501 2
502 2
503 2
504 2
505 2
506 2
507 2
508 2
509 2
510 2
511 2
512 2
513 2
514 2
515 2
516 2
517 2
518 2
519 2
520 2
521 2
522 2
523 2
524 2
525 2
526 2
527 2
528 2
529 2
530 2
531 2
532 2
533 2
534 2
535 2
536 2
537 2
538 2
539 2
540 2
541 2
542 2
543 2
544 2
545 2
546 2
547 2
548 2
549 2
550 2
551 2
552 2
553 2
554 2
555 2
556 2
557 2
558 2
559 2
560 2
561 2
562 2
563 2
564 2
565 2
566 2
567 2
568 2
569 2
570 2
571 2
572 2
573 2
574 2
575 2
576 2
577 2
578 1
579 1
580 1
581 1
582 1
583 1
584 1
585 1
586 1
587 1
588 1
589 1
590 1
591 1
592 1
593 1
594 1
595 1
596 1
597 1
598 1
599 1
600 1
601 1
602 1
603 1
604 0
605 0
606 0
607 0
608 0
609 0
610 0
611 0
612 0
613 0
614 0
615 0
616 0
617 0
618 0
619 0
620 0
621 0
622 0
623 0
624 0
625 0
626 0
627 0
628 0
629 0
630 0
631 0
632 0
633 0
634 1
635 0
636 0
637 0
638 1
639 0
640 1
641 0
642 0
643 0
644 0
645 0
646 17
647 60
648 58
649 20
650 6
651 1
652 0
653 0
654 0
655 1
656 0
657 1
658 0
659 0
660 0
661 0
662 0
663 0
664 0
665 0
666 0
667 0
668 0
669 1
670 0
671 0
672 0
673 0
674 0
675 0
676 0
677 1
678 0
679 1
680 0
681 1
682 0
683 0
684 0
685 0
686 0
687 0
688 10
689 43
690 130
691 199
692 208
693 156
694 70
695 48
696 29
697 6
698 3
699 0
700 0
701 0
702 1
703 1
704 1
705 1
706 0
707 0
708 0
709 0
710 0
711 0
712 0
713 1
714 0
715 0
716 0
717 0
718 0
719 0
720 0
721 1
722 1
723 1
724 0
725 0
726 0
727 0
728 0
729 0
730 1
731 1
732 0
733 0
734 0
735 0
736 0
737 1
738 1
739 1
740 1
741 1
742 1
743 1
744 1
745 1
746 1
747 1
748 1
749 1
750 1
751 1
752 0
753 0
754 0
755 0
756 0
757 0
758 0
759 0
760 0
761 1
762 1
763 1
764 1
765 1
766 1
767 1
768 1
769 1
770 2
771 2
772 2
773 2
774 2
775 2
776 2
777 2
778 2
779 2
780 2
781 2
782 3
783 3
784 3
785 3
786 3
787 3
788 3
789 3
790 3
791 3
792 3
793 3
794 4
795 4
796 4
797 4
798 5
799 5
800 5
801 5
802 5
803 5
804 5
805 5
806 5
807 5
808 6
809 6
810 6
811 6
812 6
813 6
814 6
815 6
816 6
817 6
818 6
819 6
820 6
821 6
822 6
823 6
824 6
825 6
826 6
827 6
828 6
829 6
830 6
831 6
832 6
833 6
834 6
835 6
836 6
837 7
838 8
839 8
840 8
841 8
842 8
843 9
844 9
845 9
846 9
847 10
848 22
849 56
850 142
851 221
852 230
853 231
854 229
855 227
856 222
857 216
858 209
859 196
860 159
861 124
862 83
863 62
864 39
865 30
866 27
867 31
868 28
869 23
870 16
871 16
872 11
873 13
874 11
875 11
876 12
877 11
878 9
879 9
880 7
881 8
882 9
883 9
884 9
885 9
886 9
887 9
888 6
889 6
890 6
891 6
892 5
893 5
894 7
895 8
896 11
897 13
898 75
899 152
900 194
901 214
902 218
903 224
904 213
905 173
906 114
907 60
908 37
909 25
910 17
911 16
912 11
913 9
914 8
915 8
916 7
917 8
918 8
919 7
920 7
921 6
922 6
923 7
924 7
925 7
926 5
927 5
928 5
929 5
930 5
931 5
932 5
933 5
934 5
935 4
936 4
937 4
938 4
939 4
940 4
941 4
942 4
943 4
944 4
945 4
946 4
947 4
948 4
949 4
950 4
951 4
952 4
953 4
954 4
955 4
956 4
957 4
958 3
959 3
960 3
961 3
962 2
963 2
964 2
965 2
966 2
967 2
968 2
969 2
970 2
971 2
972 2
973 2
974 2
975 2
976 2
977 2
978 2
979 2
980 2
