0 9
1 11
2 13
3 14
4 12
5 14
6 14
7 15
8 16
9 18
10 20
11 21
12 21
13 22
14 22
15 22
16 23
17 25
18 29
19 33
20 36
21 37
22 41
23 44
24 48
25 48
26 48
27 52
28 53
29 55
30 58
31 61
32 65
33 68
34 69
35 71
36 72
37 70
38 70
39 71
40 71
41 73
42 78
43 81
44 82
45 73
46 80
47 90
48 105
49 123
50 137
51 146
52 151
53 155
54 159
55 166
56 180
57 195
58 209
59 219
60 226
61 226
62 226
63 226
64 230
65 237
66 246
67 249
68 250
69 252
70 253
71 254
72 254
73 255
74 255
75 255
76 255
77 255
78 255
79 255
80 255
81 255
82 255
83 255
84 255
85 255
86 255
87 255
88 255
89 254
90 254
91 255
92 255
93 255
94 255
95 255
96 255
97 253
98 252
99 248
100 245
101 237
102 231
103 228
104 228
105 227
106 230
107 224
108 222
109 216
110 209
111 199
112 189
113 179
114 171
115 156
116 145
117 139
118 121
119 106
120 86
121 78
122 71
123 66
124 61
125 52
126 49
127 43
128 42
129 35
130 28
131 28
132 28
133 26
134 27
135 27
136 28
137 28
138 25
139 21
140 17
141 12
142 9
143 6
144 6
145 6
146 3
147 2
148 2
149 1
150 0
151 0
152 0
153 0
154 0
155 0
156 0
157 0
158 0
159 0
160 0
161 0
162 0
163 0
164 0
165 0
166 0
167 0
168 0
169 0
170 0
171 0
172 0
173 0
174 0
175 0
176 0
177 0
178 0
179 0
180 0
181 0
182 0
183 0
184 0
185 0
186 0
187 0
188 0
189 0
190 0
191 0
192 0
193 0
194 0
195 0
196 0
197 0
198 0
199 0
200 0
201 0
202 0
203 0
204 0
205 0
206 0
207 0
208 0
209 0
210 0
211 0
212 0
213 0
214 0
215 0
216 0
217 1
218 0
219 0
220 0
221 0
222 0
223 0
224 0
225 0
226 0
227 0
228 0
229 0
230 0
231 0
232 0
233 0
234 0
235 0
236 0
237 0
238 0
239 0
240 0
241 0
242 0
243 0
244 0
245 0
246 0
247 0
248 0
249 0
250 0
251 0
252 0
253 0
254 0
255 0
256 0
257 0
258 0
259 0
260 0
261 0
262 0
263 0
264 0
265 0
266 0
267 0
268 1
269 1
270 1
271 1
272 2
273 2
274 2
275 2
276 2
277 2
278 2
279 2
280 2
281 2
282 2
283 2
284 2
285 2
286 2
287 2
288 2
289 2
290 2
291 2
292 2
293 2
294 2
295 2
296 2
297 2
298 2
299 2
300 2
301 2
302 2
303 2
304 2
305 2
306 2
307 2
308 2
309 2
310 2
311 2
312 2
313 2
314 2
315 2
316 2
317 2
318 2
319 2
320 2
321 2
322 2
323 1
324 1
325 1
326 1
327 1
328 1
329 1
330 1
331 1
332 1
333 1
334 1
335 1
336 1
337 1
338 1
339 1
340 1
341 1
342 1
343 1
344 1
345 1
346 1
347 1
348 1
349 1
350 1
351 1
352 1
353 1
354 1
355 1
356 1
357 1
358 1
359 1
360 1
361 1
362 1
363 1
364 1
365 1
366 1
367 1
368 1
369 1
370 1
371 1
372 1
373 1
374 1
375 1
376 1
377 1
378 1
379 1
380 1
381 1
382 1
383 1
384 1
385 1
386 1
387 1
388 1
389 1
390 1
391 1
392 1
393 1
394 1
395 1
396 1
397 1
398 1
399 1
400 1
401 1
402 1
403 1
404 1
405 1
406 1
407 1
408 1
409 1
410 1
411 1
412 1
413 1
414 1
415 1
416 1
417 1
418 1
419 1
420 1
421 1
422 1
423 1
424 1
425 1
426 1
427 1
428 1
429 1
430 1
431 1
432 1
433 1
434 1
435 1
436 1
437 1
438 1
439 1
440 1
441 1
442 1
443 1
444 1
445 1
446 1
447 1
448 1
449 1
450 1
451 1
452 1
453 2
454 2
455 2
456 2
457 2
458 2
459 2
460 2
461 2
462 2
463 2
464 2
465 2
466 2
467 2
468 2
469 2
470 3
471 3
472 3
473 3
474 3
475 3
476 3
477 3
478 3
479 3
480 3
481 3
482 3
483 3
484 3
485 3
486 3
487 3
488 3
489 3
490 3
491 3
492 3
493 3
494 3
495 3
496 3
497 3
498 3
499 3
500 3
501 3
502 3
503 3
504 3
505 3
506 3
507 3
508 3
509 3
510 3
511 3
512 3
513 3
514 3
515 3
516 3
517 3
518 3
519 3
520 3
521 3
522 3
523 3
524 3
525 3
526 3
527 3
528 3
529 3
530 3
531 3
532 3
533 2
534 2
535 2
536 2
537 2
538 2
539 2
540 2
541 2
542 2
543 2
544 2
545 2
546 2
547 2
548 2
549 2
550 2
551 2
552 2
553 2
554 2
555 2
556 2
557 2
558 2
559 2
560 2
561 2
562 2
563 2
564 2
565 2
566 2
567 2
568 2
569 2
570 2
571 2
572 2
573 2
574 2
575 2
576 2
577 2
578 2
579 2
580 2
581 2
582 2
583 2
584 2
585 2
586 2
587 2
588 3
589 3
590 2
591 1
592 1
593 1
594 1
595 1
596 1
597 0
598 0
599 0
600 0
601 1
602 1
603 1
604 1
605 1
606 1
607 0
608 0
609 0
610 0
611 0
612 0
613 0
614 0
615 0
616 0
617 1
618 1
619 1
620 1
621 1
622 1
623 0
624 0
625 0
626 0
627 0
628 0
629 0
630 0
631 1
632 0
633 0
634 0
635 0
636 0
637 1
638 0
639 1
640 0
641 0
642 0
643 0
644 0
645 1
646 1
647 0
648 0
649 0
650 0
651 0
652 0
653 0
654 3
655 22
656 81
657 82
658 30
659 14
660 5
661 0
662 0
663 0
664 0
665 1
666 0
667 1
668 1
669 1
670 1
671 0
672 0
673 1
674 1
675 1
676 1
677 0
678 0
679 0
680 1
681 0
682 1
683 0
684 0
685 0
686 3
687 20
688 120
689 194
690 243
691 248
692 232
693 182
694 134
695 89
696 47
697 17
698 3
699 1
700 1
701 1
702 1
703 0
704 0
705 0
706 1
707 0
708 0
709 0
710 0
711 0
712 1
713 1
714 1
715 3
716 3
717 4
718 3
719 4
720 4
721 4
722 4
723 5
724 6
725 7
726 7
727 8
728 8
729 9
730 13
731 15
732 18
733 20
734 20
735 23
736 23
737 21
738 20
739 20
740 21
741 23
742 26
743 27
744 29
745 32
746 35
747 39
748 41
749 39
750 42
751 46
752 51
753 53
754 52
755 46
756 52
757 90
758 122
759 151
760 221
761 253
762 255
763 255
764 253
765 254
766 255
767 255
768 255
769 255
770 254
771 254
772 255
773 255
774 255
775 253
776 227
777 187
778 139
779 122
780 112
781 91
782 87
783 84
784 82
785 78
786 75
787 72
788 67
789 64
790 61
791 59
792 58
793 58
794 56
795 55
796 56
797 55
798 54
799 51
800 48
801 46
802 45
803 44
804 46
805 44
806 45
807 44
808 44
809 44
810 43
811 43
812 44
813 44
814 44
815 43
816 40
817 38
818 37
819 36
820 35
821 39
822 39
823 40
824 41
825 40
826 40
827 37
828 36
829 35
830 34
831 34
832 35
833 35
834 35
835 32
836 28
837 24
838 25
839 29
840 34
841 41
842 43
843 40
844 36
845 34
846 35
847 36
848 39
849 38
850 36
851 33
852 30
853 29
854 30
855 31
856 32
857 29
858 25
859 20
860 18
861 16
862 16
863 17
864 19
865 21
866 22
867 22
868 22
869 19
870 16
871 14
872 12
873 12
874 12
875 14
876 15
877 15
878 14
879 13
880 14
881 17
882 21
883 27
884 31
885 36
886 40
887 33
888 65
889 84
890 78
891 78
892 74
893 66
894 79
895 98
896 109
897 100
898 77
899 90
900 109
901 113
902 117
903 117
904 131
905 137
906 139
907 192
908 244
909 230
910 209
911 169
912 138
913 115
914 108
915 109
916 113
917 122
918 130
919 141
920 136
921 113
922 77
923 76
924 90
925 106
926 116
927 121
928 111
929 99
930 89
931 89
932 94
933 99
934 99
935 92
936 71
937 59
938 68
939 76
940 84
941 82
942 77
943 69
944 61
945 56
946 55
947 55
948 57
949 57
950 51
951 41
952 31
953 23
954 18
955 18
956 20
957 23
958 23
959 23
960 20
961 18
962 14
963 5
964 2
965 0
966 0
967 0
968 0
969 0
970 1
971 0
972 0
973 0
974 0
975 0
976 0
977 0
978 0
979 0
980 0
981 0
982 0
983 0
984 0
985 0
986 0
987 0
988 1
989 0
990 0
991 0
992 0
993 0
994 0
995 0
996 0
997 0
998 1
999 0
1000 0
1001 0
1002 0
1003 0
1004 0
1005 0
1006 0
1007 0
1008 0
1009 0
1010 0
1011 0
1012 0
1013 0
1014 0
1015 0
1016 0
1017 11
1018 43
1019 68
1020 105
1021 208
1022 245
1023 252
1024 253
1025 254
1026 255
1027 255
1028 255
1029 255
1030 255
1031 254
1032 168
1033 96
1034 75
1035 37
1036 0
1037 3
1038 1
1039 0
1040 0
1041 0
1042 0
1043 0
1044 0
1045 0
1046 0
1047 0
1048 0
1049 0
1050 0
1051 0
1052 0
1053 0
1054 0
1055 0
1056 0
1057 1
1058 1
1059 0
1060 0
1061 0
1062 0
1063 0
1064 0
1065 0
1066 0
1067 0
1068 0
1069 0
1070 0
1071 0
1072 0
1073 0
1074 0
1075 0
1076 0
1077 0
1078 0
1079 0
1080 0
1081 0
1082 0
1083 0
1084 0
1085 0
1086 0
1087 0
1088 0
1089 0
1090 0
1091 0
1092 0
1093 0
1094 0
1095 0
1096 0
1097 0
1098 0
1099 0
1100 0
1101 0
1102 0
1103 0
1104 0
1105 0
1106 0
1107 0
1108 0
1109 0
1110 0
1111 0
1112 0
1113 0
